80.738874
82.654987
84.138396
85.175870
85.758100
85.879782
85.539673
84.740583
83.489334
81.796664
79.677096
77.148757
74.233167
70.954977
67.341693
63.423352
59.232182
54.802246
50.169053
45.369177
40.439857
35.418596
30.342772
25.249248
20.173998
15.151754
10.215668
5.397010
0.724880
-3.774033
-8.075662
-12.158744
-16.004948
-19.598978
-22.928626
-25.984787
-28.761440
-31.255579
-33.467120
-35.398759
-37.055813
-38.446017
-39.579307
-40.467568
-41.124376
-41.564718
-41.804701
-41.861260
-41.751861
-41.494208
-41.105955
-40.604432
-40.006385
-39.327733
-38.583346
-37.786855
-36.950476
-36.084878
-35.199069
-34.300325
-33.394140
-32.484223
-31.572512
-30.659232
-29.742975
-28.820817
-27.888450
-26.940350
-25.969957
-24.969876
-23.932094
-22.848205
-21.709640
-20.507910
-19.234833
-17.882768
-16.444840
-14.915143
-13.288940
-11.562834
-9.734927
-7.804946
-5.774347
-3.646393
-1.426198
0.879256
3.261136
5.708800
8.209874
10.750360
13.314763
15.886255
18.446853
20.977627
23.458920
25.870583
28.192229
30.403488
32.484268
34.415017
36.176986
37.752480
39.125099
40.279967
41.203945
41.885820
42.316471
42.489017
42.398921
42.044087
41.424902
40.544268
39.407588
38.022726
36.399932
34.551743
32.492847
30.239929
27.811477
25.227585
22.509721
19.680483
16.763346
13.782392
10.762037
7.726759
4.700821
1.708005
-1.228654
-4.087108
-6.846539
-9.487566
-11.992441
-14.345222
-16.531914
-18.540586
-20.361465
-21.986986
-23.411828
-24.632909
-25.649357
-26.462445
-27.075512
-27.493842
-27.724527
-27.776310
-27.659406
-27.385304
-26.966562
-26.416587
-25.749413
-24.979468
-24.121351
-23.189609
-22.198515
-21.161869
-20.092799
-19.003585
-17.905505
-16.808690
-15.722018
-14.653014
-13.607791
-12.591009
-11.605859
-10.654079
-9.735992
-8.850569
-7.995514
-7.167378
-6.361682
-5.573065
-4.795445
-4.022194
-3.246315
-2.460636
-1.657997
-0.831444
0.025588
0.919094
1.854325
2.835637
3.866345
4.948602
6.083292
7.269955
8.506722
9.790288
11.115902
12.477384
13.867171
15.276387
16.694934
18.111609
19.514246
20.889868
22.224865
23.505185
24.716529
25.844566
26.875145
27.794513
28.589529
29.247878
29.758270
30.110632
30.296288
30.308113
30.140679
29.790366
29.255458
28.536210
27.634883
26.555756
25.305110
23.891175
22.324057
20.615633
18.779421
16.830418
14.784931
12.660367
10.475022
8.247845
5.998199
3.745600
1.509471
-0.691126
-2.837735
-4.912760
-6.899699
-8.783370
-10.550114
-12.187978
-13.686885
-15.038759
-16.237640
-17.279755
-18.163568
-18.889790
-19.461359
-19.883389
-20.163077
-20.309596
-20.333937
-20.248738
-20.068083
-19.807271
-19.482575
-19.110976
-18.709889
-18.296878
-17.889361
-17.504325
-17.158031
-16.865739
-16.641433
-16.497572
-16.444852
-16.491998
-16.645577
-16.909845
-17.286627
-17.775220
-18.372351
-19.072157
-19.866206
-20.743565
-21.690894
-22.692585
-23.730933
-24.786343
-25.837567
-26.861969
-27.835815
-28.734590
-29.533323
-30.206934
-30.730582
-31.080026
-31.231979
-31.164455
-30.857114
-30.291583
-29.451762
-28.324108
-26.897886
-25.165392
-23.122142
-20.767021
-18.102389
-15.134156
-11.871799
-8.328348
-4.520316
-0.467598
3.806686
8.276381
12.912528
17.683635
22.555980
27.493939
32.460351
37.416896
42.324492
47.143710
51.835190
56.360061
60.680361
64.759447
68.562392
72.056363
75.210979
77.998643
80.394838
82.378390
83.931699
85.040922
85.696115
85.891335
85.624690
84.898346
83.718491
82.095248
80.042547
77.577956
74.722468
71.500257
67.938393
64.066531
59.916576
55.522323
50.919076
46.143266
41.232053
36.222925
31.153305
26.060164
20.979642
15.946692
10.994739
6.155370
1.458051
-3.070130
-7.404678
-11.523871
-15.408905
-19.043995
-22.416440
-25.516640
-28.338087
-30.877301
-33.133739
-35.109667
-36.809995
-38.242088
-39.415547
-40.341964
-41.034664
-41.508429
-41.779206
-41.863819
-41.779669
-41.544441
-41.175816
-40.691194
-40.107430
-39.440590
-38.705726
-37.916677
-37.085895
-36.224303
-35.341181
-34.444082
-33.538789
-32.629291
-31.717807
-30.804830
-29.889205
-28.968241
-28.037841
-27.092661
-26.126295
-25.131465
-24.100243
-23.024269
-21.894986
-20.703874
-19.442688
-18.103687
-16.679856
-15.165125
-13.554555
-11.844528
-10.032896
-8.119120
-6.104375
-3.991632
-1.785709
0.506710
2.877084
5.315056
7.808520
10.343730
12.905418
15.476957
18.040536
20.577360
23.067872
25.491986
27.829337
30.059532
32.162419
34.118342
35.908407
37.514734
38.920701
40.111177
41.072730
41.793830
42.265013
42.479031
42.430970
42.118338
41.541126
40.701834
39.605470
38.259509
36.673827
34.860606
32.834202
30.610991
28.209189
25.648649
22.950635
20.137584
17.232846
14.260426
11.244706
8.210171
5.181138
2.181482
-0.765625
-3.637963
-6.414502
-9.075619
-11.603294
-13.981287
-16.195284
-18.233020
-20.084372
-21.741422
-23.198489
-24.452137
-25.501145
-26.346450
-26.991069
-27.439983
-27.700009
-27.779637
-27.688860
-27.438979
-27.042395
-26.512395
-25.862928
-25.108374
-24.263323
-23.342341
-22.359762
-21.329472
-20.264720
-19.177932
-18.080554
-16.982910
-15.894082
-14.821818
-13.772458
-12.750895
-11.760553
-10.803401
-9.879983
-8.989479
-8.129790
-7.297642
-6.488710
-5.697763
-4.918824
-4.145338
-3.370355
-2.586719
-1.787255
-0.964962
-0.113202
0.774122
1.702391
2.676114
3.698779
4.772733
5.899067
7.077541
8.306512
9.582905
10.902200
12.258440
13.644281
15.051048
16.468832
17.886597
19.292319
20.673140
22.015540
23.305521
24.528811
25.671071
26.718105
27.656083
28.471753
29.152653
29.687318
30.065467
30.278192
30.318111
30.179517
29.858496
29.353023
28.663034
27.790472
26.739293
25.515463
24.126904
22.583432
20.896650
19.079822
17.147723
15.116463
13.003288
10.826368
8.604566
6.357192
4.103758
1.863717
-0.343793
-2.500203
-4.587765
-6.589787
-8.490861
-10.277073
-11.936189
-13.457821
-14.833567
-16.057124
-17.124367
-18.033403
-18.784584
-19.380498
-19.825914
-20.127708
-20.294745
-20.337739
-20.269078
-20.102630
-19.853517
-19.537874
-19.172587
-18.775021
-18.362735
-17.953192
-17.563464
-17.209949
-16.908084
-16.672074
-16.514637
-16.446763
-16.477506
-16.613788
-16.860241
-17.219084
-17.690022
-18.270193
-18.954144
-19.733852
-20.598775
-21.535948
-22.530114
-23.563890
-24.617966
-25.671339
-26.701577
-27.685100
-28.597495
-29.413842
-30.109054
-30.658228
-31.037005
-31.221921
-31.190761
-30.922899
-30.399628
-29.604469
-28.523450
-27.145376
-25.462047
-23.468453
-21.162935
-18.547294
-15.626872
-12.410578
-8.910878
-5.143739
-1.128525
3.112147
7.552588
12.164272
16.916089
21.774649
26.704611
31.669032
36.629750
41.547777
46.383713
51.098157
55.652133
60.007507
64.127397
67.976578
71.521859
74.732447
77.580278
80.040327
82.090872
83.713730
84.894448
85.622455
85.891165
85.698038
85.044598
83.936394
82.382931
80.397544
77.997233
75.202462
72.036916
68.527224
64.702653
60.594770
56.237096
51.664720
46.913920
42.021765
37.025720
31.963243
26.871403
21.786496
16.743688
11.776669
6.917339
2.195519
-2.361310
-6.728224
-10.883052
-14.806515
-18.482344
-21.897341
-25.041416
-27.907570
-30.491844
-32.793238
-34.813578
-36.557368
-38.031594
-39.245517
-40.210429
-40.939397
-41.446989
-41.748988
-41.862097
-41.803645
-41.591291
-41.242736
-40.775443
-40.206370
-39.551725
-38.826735
-38.045444
-37.220536
-36.363186
-35.482942
-34.587636
-33.683334
-32.774312
-31.863068
-30.950364
-30.035303
-29.115429
-28.186859
-27.244437
-26.281912
-25.292132
-24.267258
-23.198982
-22.078763
-20.898060
-19.648568
-18.322451
-16.912565
-15.412672
-13.817645
-12.123642
-10.328271
-8.430730
-6.431914
-4.334504
-2.143022
0.136145
2.494751
4.922723
7.408229
9.937774
12.496325
15.067459
17.633541
20.175919
22.675141
25.111189
27.463726
29.712346
31.836840
33.817457
35.635164
37.271902
38.710834
39.936576
40.935412
41.695496
42.207027
42.462393
42.456302
42.185872
41.650696
40.852874
39.797016
38.490206
36.941947
35.164059
33.170561
30.977520
28.602872
26.066224
23.388630
20.592357
17.700629
14.737362
11.726898
8.693725
5.662202
2.656295
-0.300696
-3.186384
-5.979533
-8.660283
-11.210346
-13.613188
-15.854180
-17.920722
-19.802346
-21.490780
-22.979985
-24.266170
-25.347761
-26.225360
-26.901657
-27.381330
-27.670912
-27.778639
-27.714276
-27.488930
-27.114842
-26.605171
-25.973776
-25.234986
-24.403369
-23.493512
-22.519800
-21.496203
-20.436084
-19.352012
-18.255599
-17.157356
-16.066570
-14.991206
-13.937833
-12.911575
-11.916092
-10.953581
-10.024811
-9.129173
-8.264767
-7.428497
-6.616196
-5.822768
-5.042342
-4.268444
-3.494176
-2.712400
-1.915932
-1.097732
-0.251089
0.630190
1.551612
2.517834
3.532517
4.598195
5.716168
6.886410
8.107507
9.376614
10.689437
12.040250
13.421924
14.825991
16.242731
17.661280
19.069762
20.455439
21.804885
23.104165
24.339038
25.495160
26.558298
27.514550
28.350556
29.053717
29.612392
30.016103
30.255710
30.323578
30.213725
29.921943
29.445902
28.785223
27.941525
26.918447
25.721633
24.358701
22.839169
21.174364
19.377296
17.462509
15.445914
13.344591
11.176576
8.960637
6.716032
4.462256
2.218790
0.004838
-2.160924
-4.260598
-6.277311
-8.195435
-10.000805
-11.680908
-13.225052
-14.624510
-15.872638
-16.964962
-17.899229
-18.675435
-19.295814
-19.764792
-20.088917
-20.276745
-20.338706
-20.286935
-20.135079
-19.898074
-19.591912
-19.233378
-18.839780
-18.428663
-18.017526
-17.623524
-17.263180
-16.952103
-16.704712
-16.533977
-16.451181
-16.465697
-16.584798
-16.813493
-17.154390
-17.607600
-18.170672
-18.838565
-19.603664
-20.455822
-21.382452
-22.368652
-23.397365
-24.449573
-25.504527
-26.540001
-27.532581
-28.457964
-29.291288
-30.007468
-30.581550
-30.989064
-31.206379
-31.211058
-30.982201
-30.500772
-29.749918
-28.715252
-27.385118
-25.750825
-23.806845
-21.550975
-18.984461
-16.112076
-12.942161
-9.486619
-5.760863
-1.783726
2.422680
6.833145
11.419575
16.151253
20.995133
25.916160
30.877620
35.841521
40.768980
45.620633
50.357052
54.939165
59.328676
63.488476
67.383051
70.978861
74.244707
77.152070
79.675422
81.792498
83.484538
84.736483
85.537136
85.879271
85.759702
85.179306
84.142995
82.659651
80.742009
78.406497
75.673045
72.564841
69.108064
65.331584
61.266625
56.946421
52.405836
47.680987
42.808843
37.826831
32.772438
27.682820
22.594421
17.542610
12.561335
7.682801
2.937177
-1.647667
-6.046386
-10.236358
-14.197838
-17.914070
-21.371365
-24.559136
-27.469896
-30.099206
-32.445602
-34.510470
-36.297899
-37.814493
-39.069167
-40.072905
-40.838511
-41.380332
-41.713977
-41.856022
-41.823716
-41.634687
-41.306645
-40.857112
-40.303142
-39.661078
-38.946318
-38.173108
-37.354358
-36.501492
-35.624324
-34.730965
-33.827763
-32.919280
-32.008295
-31.095842
-30.181282
-29.262399
-28.335528
-27.395705
-26.436839
-25.451910
-24.433171
-23.372376
-22.261005
-21.090500
-19.852504
-18.539089
-17.142987
-15.657804
-14.078221
-12.400181
-10.621051
-8.739767
-6.756948
-4.674986
-2.498108
-0.232401
2.114181
4.531853
7.009057
9.532557
12.087554
14.657836
17.225947
19.773384
22.280808
24.728274
27.095479
29.362010
31.507611
33.512438
35.357328
37.024050
38.495556
39.756215
40.792033
41.590854
42.142538
42.439118
42.474924
42.246686
41.753600
40.997364
39.982191
38.714775
37.204237
35.462038
33.501854
31.339439
28.992443
26.480220
23.823612
21.044708
18.166595
15.213101
12.208515
9.177320
6.143917
3.132350
0.166043
-2.732455
-5.541711
-8.241629
-10.813660
-13.240980
-15.508646
-17.603729
-19.515415
-21.235080
-22.756327
-24.075008
-25.189199
-26.099160
-26.807254
-27.317851
-27.637199
-27.773272
-27.735607
-27.535107
-27.183848
-26.694859
-26.081901
-25.359243
-24.541431
-23.643064
-22.678573
-21.662009
-20.606842
-19.525781
-18.430600
-17.331994
-16.239452
-15.161155
-14.103899
-13.073039
-12.072470
-11.104620
-10.170482
-9.269662
-8.400460
-7.559961
-6.744162
-5.948103
-5.166026
-4.391542
-3.617807
-2.837709
-2.044058
-1.229778
-0.388096
0.487279
1.401971
2.360786
3.367550
4.424986
5.534597
6.696573
7.909724
9.171434
10.477641
11.822845
13.200137
14.601258
16.016679
17.435710
18.846628
20.236820
21.592958
22.901176
24.147267
25.316889
26.395779
27.369965
28.225988
28.951112
29.533533
29.962574
30.228868
30.324533
30.243314
29.980713
29.534094
28.902766
28.088025
27.093189
25.923586
24.586521
23.091218
21.448721
19.671781
17.774711
15.773215
13.684200
11.525567
9.315981
7.074640
4.821017
2.574612
0.354692
-1.819965
-3.931324
-5.962331
-7.897145
-9.721356
-11.422175
-12.988608
-14.411610
-15.684196
-16.801543
-17.761041
-18.562329
-19.207286
-19.699992
-20.046665
-20.255548
-20.336785
-20.302251
-20.165365
-19.940875
-19.644622
-19.293280
-18.904094
-18.494591
-18.082297
-17.684439
-17.317663
-16.997740
-16.739297
-16.555552
-16.458071
-16.456545
-16.558594
-16.769596
-17.092550
-17.527970
-18.073815
-18.725458
-19.475690
-20.314763
-21.230472
-22.208273
-23.231440
-24.281253
-25.337223
-26.377340
-27.378359
-28.316098
-29.165762
-29.902277
-30.500646
-30.936296
-31.185440
-31.225428
-31.035091
-30.595077
-29.888164
-28.899553
-27.617137
-26.031740
-24.137318
-21.931129
-19.413862
-16.589725
-13.466491
-10.055498
-6.371604
-2.433106
1.738396
6.118170
10.678567
15.389268
20.217578
25.128737
30.086273
35.052370
39.988261
44.854630
49.612032
54.221309
58.644015
62.842824
66.781941
70.427487
73.747867
76.714114
79.300204
81.483335
83.244174
84.567063
85.440179
85.855658
85.809669
85.302441
84.338248
82.925347
81.075867
78.805661
76.134116
73.083918
69.680790
65.953193
61.932002
57.650153
53.142277
48.444317
43.593133
38.626107
33.580741
28.494270
23.403277
18.343325
13.348612
8.451638
3.682918
-0.929297
-5.359246
-9.583863
-13.582934
-17.339221
-20.838545
-24.069824
-27.025077
-29.699386
-32.090820
-34.200320
-36.031555
-37.590744
-38.886448
-39.929339
-40.731947
-41.308393
-41.674105
-41.845524
-41.839813
-41.674557
-41.367474
-40.936133
-40.397680
-39.768589
-39.064421
-38.299619
-37.487317
-36.639185
-35.765300
-34.874048
-33.972062
-33.064189
-32.153488
-31.241269
-30.327153
-29.409169
-28.483871
-27.546491
-26.591107
-25.610831
-24.598019
-23.544488
-22.441747
-21.281227
-20.054524
-18.753628
-17.371148
-15.900539
-14.336297
-12.674152
-10.911236
-9.046224
-7.079463
-5.013057
-2.850936
-0.598892
1.735418
4.142496
6.611063
9.128141
11.679173
14.248159
16.817830
19.369836
21.884955
24.343323
26.724677
29.008606
31.174809
33.203360
35.074970
36.771243
38.274927
39.570148
40.642639
41.479938
42.071574
42.409223
42.486844
42.300777
41.849823
41.135281
40.160963
38.933172
37.460647
35.754483
33.828014
31.696673
29.377819
26.890552
24.255490
21.494540
18.630649
15.687543
12.689456
9.660861
6.626187
3.609555
0.634504
-2.276260
-5.101111
-7.819727
-10.413299
-12.864717
-15.158730
-17.282079
-19.223609
-20.974342
-22.527526
-23.878655
-25.025453
-25.967835
-26.707838
-27.249518
-27.598834
-27.763496
-27.752804
-27.577458
-27.249359
-26.781401
-26.187242
-25.481086
-24.677450
-23.790940
-22.836027
-21.826837
-20.776946
-19.699195
-18.605516
-17.506788
-16.412697
-15.331641
-14.270637
-13.235275
-12.229681
-11.256517
-10.317001
-9.410956
-8.536883
-7.692055
-6.872630
-6.073794
-5.289904
-4.514659
-3.741276
-2.962673
-2.171660
-1.361129
-0.524247
0.345366
1.253452
2.204956
3.203871
4.253104
5.354358
6.508037
7.713175
8.967386
10.266838
11.606258
12.978958
14.376889
15.790720
17.209936
18.622969
20.017338
21.379817
22.696612
23.953557
25.136317
26.230602
27.222381
28.098097
28.844886
29.450781
29.904913
30.197695
30.320998
30.268298
30.034810
29.617597
29.015651
28.229952
27.263494
26.121287
24.810324
23.339529
21.719664
19.963217
18.084262
16.098294
14.022042
11.873264
9.670519
7.432935
5.179961
2.931107
0.705697
-1.477399
-3.600009
-5.644908
-7.596047
-9.438773
-11.160028
-12.748522
-14.194890
-15.491812
-16.634115
-17.618836
-18.445254
-19.114891
-19.631484
-20.000913
-20.231110
-20.331924
-20.314968
-20.193427
-19.981855
-19.695932
-19.352221
-18.967893
-18.560449
-18.147435
-17.746145
-17.373337
-17.044940
-16.775781
-16.579319
-16.467399
-16.450025
-16.535158
-16.728544
-17.033569
-17.451146
-17.979647
-18.614856
-19.349974
-20.175652
-21.080071
-22.049048
-23.066194
-24.113093
-25.169519
-26.213689
-27.222534
-28.171999
-29.037365
-29.793581
-30.415612
-30.878795
-31.159193
-31.233952
-31.081644
-30.682607
-30.019258
-29.076395
-27.841465
-26.304810
-24.459876
-22.303384
-19.835471
-17.059780
-13.983515
-10.617447
-6.975880
-3.076569
1.059401
5.407783
9.941377
14.630271
19.442127
24.342493
29.295144
34.262453
39.205778
44.085862
48.863253
53.498719
57.953671
62.190580
66.173380
69.867860
73.242039
76.266509
78.914758
81.163453
82.992694
84.386226
85.331605
85.820331
85.847928
85.413977
84.522112
83.179961
81.399046
79.194638
76.585576
73.594037
70.245280
66.567352
62.590764
58.348149
53.873895
49.203760
44.374485
39.423396
34.388002
29.305607
24.212923
19.145699
14.138371
9.223734
4.432634
-0.206298
-4.666892
-8.925640
-12.961865
-16.757848
-20.298920
-23.573503
-26.573125
-29.292385
-31.728880
-33.883105
-35.758306
-37.360308
-38.697313
-39.779674
-40.619643
-41.231107
-41.629303
-41.830533
-41.851862
-41.710830
-41.425152
-41.012439
-40.489922
-39.874198
-39.180989
-38.424929
-37.619371
-36.776228
-35.905839
-35.016863
-34.116216
-33.209029
-32.298646
-31.386651
-30.472930
-29.555756
-28.631910
-27.696823
-26.744745
-25.768928
-24.761835
-23.715352
-22.621022
-21.470275
-20.254662
-18.966095
-17.597072
-16.140896
-14.591887
-12.945564
-11.198827
-9.350098
-7.399447
-5.348696
-3.201479
-0.963292
1.358504
3.754703
6.214303
8.724590
11.271250
13.838502
16.409267
18.965353
21.487663
23.956419
26.351405
28.652215
30.838514
32.890300
34.788163
36.513549
38.049006
39.378427
40.487275
41.362786
41.994162
42.372728
42.492070
42.348144
41.939355
41.266603
40.333301
39.145356
37.711126
36.041336
34.148973
32.049146
29.758921
27.297133
24.684173
21.941760
19.092692
16.160590
13.169624
10.144248
7.108916
4.087817
1.104599
-1.817883
-4.657814
-7.394650
-10.009329
-12.484458
-14.804480
-16.955813
-18.926959
-20.708589
-22.293595
-23.677114
-24.856517
-25.831373
-26.603387
-27.176302
-27.555782
-27.749270
-27.765823
-27.615932
-27.311322
-26.864740
-26.289741
-25.600456
-24.811367
-23.937081
-22.992105
-21.990634
-20.946345
-19.872206
-18.780308
-17.681702
-16.586277
-15.502638
-14.438029
-13.398268
-12.387718
-11.409270
-10.464371
-9.553063
-8.674050
-7.824794
-7.001623
-6.199865
-5.414002
-4.637824
-3.864613
-3.087322
-2.298766
-1.491811
-0.659566
0.204431
1.106036
2.050331
3.041471
4.082544
5.175451
6.320809
7.517874
8.764488
10.057051
11.390517
12.758421
14.152927
15.564900
16.984007
18.398839
19.797049
21.165518
22.490529
23.757964
24.953500
26.062825
27.071852
27.966935
28.735084
29.364177
29.843156
30.162220
30.312995
30.288693
30.084244
29.696410
29.123872
28.367290
27.429337
26.314703
25.030069
23.584056
21.987139
20.251542
18.391095
16.421080
14.358043
12.219591
10.024172
7.790841
5.539009
3.288198
1.057776
-1.133297
-3.266721
-5.325104
-7.292195
-9.153106
-10.894510
-12.504827
-13.974375
-15.295501
-16.462686
-17.472611
-18.324196
-19.018610
-19.559238
-19.951626
-20.203387
-20.324073
-20.325029
-20.219203
-20.020946
-19.745776
-19.410131
-19.031105
-18.626166
-18.212871
-17.808575
-17.430139
-17.093645
-16.814111
-16.605234
-16.479129
-16.446109
-16.514473
-16.690329
-16.977447
-17.377141
-17.888191
-18.506794
-19.226560
-20.038544
-20.931312
-21.891050
-22.901707
-23.945177
-25.001507
-26.049144
-27.065203
-28.025768
-28.906200
-29.681481
-30.326548
-30.816655
-31.127727
-31.236713
-31.121935
-30.763427
-30.143257
-29.245823
-28.058133
-26.570054
-24.774524
-22.667733
-20.249266
-17.522204
-14.493181
-11.172402
-7.573611
-3.714023
0.385799
4.702099
9.208131
13.874397
18.668925
23.557578
28.504389
33.471930
38.421691
43.314489
48.110872
52.771547
57.257794
61.531887
65.557500
69.300103
72.727334
75.809354
78.519170
80.832924
82.730154
84.194013
85.211439
85.773299
85.874471
85.513889
84.694546
83.423438
81.711475
79.573344
77.027328
74.095089
70.801416
67.173930
63.242774
59.040267
54.600541
49.959164
45.152747
40.218547
35.194073
30.116686
25.023218
19.949595
14.930486
9.998967
5.186215
0.521230
-3.969412
-8.261766
-12.334696
-16.170003
-19.752529
-23.070202
-26.114056
-28.878205
-31.359775
-33.558808
-35.478122
-37.123145
-38.501714
-39.623857
-40.501540
-41.148408
-41.579504
-41.810977
-41.859792
-41.743434
-41.479608
-41.085960
-40.579801
-39.977844
-39.295966
-38.548986
-37.750475
-36.912584
-36.045909
-35.159385
-34.260207
-33.353792
-32.443767
-31.531993
-30.618622
-29.702176
-28.779666
-27.846726
-26.897782
-25.926233
-24.924652
-23.885003
-22.798867
-21.657676
-20.452948
-19.176520
-17.820782
-16.378896
-14.845005
-13.214427
-11.483829
-9.651382
-7.716889
-5.681884
-3.549711
-1.325568
0.983481
3.368521
5.818832
8.321965
10.863852
13.428936
16.000333
18.560015
21.089013
23.567644
25.975743
28.292919
30.498807
32.573333
34.496978
36.251034
37.817856
39.181108
40.325988
41.239438
41.910333
42.329652
42.490613
42.388787
42.022187
41.391311
40.499174
39.351288
37.955625
36.322539
34.464666
32.396787
30.135668
27.699876
25.109570
22.386273
19.552628
16.632143
13.648919
10.627383
7.592007
4.567041
1.576236
-1.357409
-4.211899
-6.966471
-9.601815
-12.100261
-14.445948
-16.624972
-18.625496
-20.437843
-22.054549
-23.470392
-24.682388
-25.689762
-26.493882
-27.098175
-27.508009
-27.730552
-27.774617
-27.650480
-27.369681
-26.944822
-26.389341
-25.717294
-24.943123
-24.081430
-23.146752
-22.153347
-21.114988
-20.044769
-18.954931
-17.856700
-16.760158
-15.674121
-14.606054
-13.562006
-12.546571
-11.562877
-10.612597
-9.695992
-8.811975
-7.958197
-7.131160
-6.326342
-5.538347
-4.761065
-3.987847
-3.211686
-2.425405
-1.621850
-0.794079
0.064451
0.959705
1.896897
2.880341
3.913301
4.997877
6.134895
7.323833
8.562759
9.848304
11.175652
12.538562
13.929410
15.339263
16.757972
18.174289
19.576006
20.950117
22.282987
23.560548
24.768496
25.892503
26.918431
27.832550
28.621752
29.273762
29.777340
30.122472
30.300547
30.304514
30.129022
29.770534
29.227420
28.500023
27.590695
26.503803
25.245717
23.824751
22.251094
20.536697
18.695147
16.741505
14.692129
12.564472
10.376863
8.148276
5.898084
3.645807
1.410854
-0.787731
-2.931527
-5.002982
-6.985647
-8.864403
-10.625664
-12.257557
-13.750090
-15.095281
-16.287263
-17.322365
-18.199148
-18.918423
-19.483228
-19.898768
-20.172335
-20.313181
-20.332378
-20.242632
-20.058085
-19.794084
-19.466941
-19.093661
-18.691672
-18.278537
-17.871662
-17.488008
-17.143797
-16.854238
-16.633252
-16.493225
-16.444770
-16.496519
-16.654941
-16.924186
-17.305966
-17.799468
-18.401303
-19.105491
-19.903490
-20.784256
-21.734347
-22.738056
-23.777591
-24.833277
-25.883800
-26.906466
-27.877504
-28.772368
-29.566077
-30.233551
-30.749972
-31.091132
-31.233794
-31.156039
-30.837606
-30.260218
-29.407882
-28.267175
-26.827493
-25.081270
-23.024169
-20.655227
-17.976961
-14.995439
-11.720297
-8.164720
-4.345376
-0.282305
4.001233
8.478954
13.121780
17.898114
22.774141
27.714163
32.680957
37.636161
42.540670
47.355049
52.039949
56.556533
60.866887
64.934438
68.724341
72.203867
75.342752
78.113528
80.491822
82.456614
83.990467
85.079710
85.714573
85.889293
85.602157
84.855513
83.655725
82.013087
79.941696
77.459276
74.586968
71.349079
67.772801
63.887898
59.726365
55.322071
50.710381
45.927766
41.011408
35.998802
30.927358
25.834018
20.754877
15.724827
10.777218
5.943550
1.253185
-3.266897
-7.592321
-11.701493
-15.575740
-19.199413
-22.559948
-25.647886
-28.456851
-30.983498
-33.227411
-35.190976
-36.879219
-38.299608
-39.461836
-40.377580
-41.060235
-41.524639
-41.786786
-41.863533
-41.772297
-41.530771
-41.156629
-40.667252
-40.079465
-39.409293
-38.671739
-37.880583
-37.048213
-36.185480
-35.301590
-34.404018
-33.498466
-32.588846
-31.677298
-30.764240
-29.848446
-28.927160
-27.996225
-27.050248
-26.082777
-25.086504
-24.053474
-22.975315
-21.843465
-20.649414
-19.384932
-18.042306
-16.614560
-15.095668
-13.480748
-11.766243
-9.950075
-8.031777
-6.012603
-3.895607
-1.685687
0.610389
2.983999
5.424703
7.920325
10.457045
13.019533
15.591105
18.153900
20.689088
23.177080
25.597775
27.930799
30.155766
32.252538
34.201490
35.983766
37.581539
38.978246
40.158827
41.109932
41.820119
42.280019
42.482485
42.422709
42.098309
41.509387
40.658555
39.550930
38.194097
36.598036
34.775028
32.739522
30.507980
28.098697
25.531591
22.827985
20.010361
17.102104
14.127242
11.110167
8.075364
5.047133
2.049325
-0.894925
-3.763446
-6.535265
-9.190825
-11.712184
-14.083184
-16.289598
-18.319256
-20.162131
-21.810403
-23.258494
-24.503064
-25.542990
-26.379304
-27.015113
-27.455481
-27.707304
-27.779142
-27.681051
-27.424385
-27.021588
-26.485983
-25.831542
-25.072660
-24.223928
-23.299909
-22.314921
-21.282825
-20.216837
-19.129344
-18.031744
-16.934308
-15.846062
-14.774691
-13.726472
-12.706233
-11.717335
-10.761679
-9.839750
-8.950668
-8.092281
-7.261262
-6.453246
-5.662964
-4.884410
-4.111007
-3.335793
-2.551605
-1.751274
-0.927810
-0.074595
0.814439
1.744638
2.720468
3.745370
4.821636
5.950302
7.131063
8.362216
9.640621
10.961693
12.319414
13.706377
15.113853
16.531878
17.949370
19.354265
20.733671
22.074042
23.361366
24.581362
25.719692
26.762173
27.694996
28.504939
29.179580
29.707502
30.078484
30.283680
30.315780
30.169154
29.839970
29.326290
28.628138
27.747544
26.688557
25.457229
24.061570
22.511475
20.818624
18.996353
17.059499
15.024228
12.907831
10.728514
8.505164
6.257107
4.003856
1.764856
-0.440773
-2.594496
-4.678604
-6.676460
-8.572717
-10.353531
-12.006748
-13.522064
-14.891170
-16.107856
-17.168098
-18.070099
-18.814314
-19.403428
-19.842305
-20.137912
-20.299201
-20.336962
-20.263654
-20.093206
-19.840789
-19.522578
-19.155487
-18.756895
-18.344362
-17.935340
-17.546879
-17.195339
-16.896107
-16.663328
-16.509648
-16.445977
-16.481276
-16.622369
-16.873785
-17.237631
-17.713499
-18.298413
-18.986806
-19.770540
-20.638964
-21.579008
-22.575318
-23.610418
-24.664920
-25.717751
-26.746422
-27.727309
-28.635971
-29.447470
-30.136722
-30.678841
-31.049499
-31.225281
-31.184033
-30.905211
-30.370199
-29.562621
-28.468628
-27.077149
-25.380123
-23.372688
-21.053333
-18.424019
-15.490242
-12.261072
-8.749131
-4.970540
-0.944811
3.305299
7.753971
12.372555
17.129836
21.992331
26.924617
31.889691
36.849344
41.764564
46.595939
51.304080
55.850037
60.195725
64.304328
68.140701
71.671754
74.866806
77.697924
80.140224
82.172135
83.775637
84.936446
85.644167
85.892391
85.678761
85.004978
83.876771
82.303816
80.299616
77.881329
75.069568
71.888154
68.363839
64.526000
60.406302
56.038338
51.457261
46.699393
41.801829
36.802040
31.737477
26.645182
21.561408
16.521263
11.558363
6.704524
1.989465
-2.559438
-6.917385
-11.062325
-14.975114
-18.639616
-22.042774
-25.174633
-28.028330
-30.600043
-32.888896
-34.896841
-36.628494
-38.090948
-39.293559
-40.247704
-40.966522
-41.464642
-41.757892
-41.863011
-41.797349
-41.578572
-41.224377
-40.752208
-40.178998
-39.520914
-38.793135
-38.009649
-37.183075
-36.324518
-35.443452
-34.547631
-33.643042
-32.733881
-31.822568
-30.909791
-29.994579
-29.074412
-28.145344
-27.202170
-26.238592
-25.247424
-24.220801
-23.150401
-22.027676
-20.844092
-19.591360
-18.261668
-16.847910
-15.343893
-13.744541
-12.046076
-10.246173
-8.344102
-6.340838
-4.239141
-2.043616
0.239268
2.601182
5.031972
7.519732
10.050895
12.610363
15.181655
17.747087
20.287966
22.784810
25.217583
27.565938
29.809472
31.927991
33.901771
35.711817
37.340118
38.769898
39.985841
40.974311
41.723551
42.223850
42.467700
42.449914
42.167717
41.620814
40.811418
39.744246
38.426496
36.867771
35.079995
33.077281
30.875781
28.493512
25.950147
23.266803
20.465792
17.570375
14.604495
11.592503
8.558887
5.527998
2.523774
-0.430518
-3.312537
-6.101106
-8.776427
-11.320290
-13.716241
-15.949737
-18.008274
-19.881478
-21.561175
-23.041429
-24.318545
-25.391050
-26.259637
-26.927089
-27.398168
-27.679487
-27.779354
-27.707598
-27.475380
-27.094985
-26.579610
-25.943140
-25.199917
-24.364517
-23.451521
-22.475301
-21.449804
-20.388361
-19.303502
-18.206794
-17.108694
-16.018435
-14.943918
-13.891651
-12.866693
-11.872638
-10.911620
-9.984344
-9.090143
-8.227061
-7.391950
-6.580602
-5.787881
-5.007886
-4.234121
-3.459672
-2.677395
-1.880110
-1.060785
-0.212731
0.670219
1.593539
2.561843
3.578745
4.646727
5.767032
6.939573
8.162874
9.434023
10.748666
12.101010
13.483868
14.888713
16.305772
17.724133
19.131878
20.516235
21.863752
23.160476
24.392156
25.544449
26.603132
27.554323
28.384691
29.081674
29.633681
30.030288
30.262418
30.322508
30.204652
29.904723
29.420476
28.751620
27.899864
26.868936
25.664569
24.294467
22.768231
21.097265
19.294649
17.374995
15.354267
13.249593
11.079047
8.861424
6.615997
4.362267
2.119706
-0.092497
-2.255696
-4.352036
-6.364693
-8.278099
-10.078159
-11.752437
-13.290325
-14.683188
-15.924477
-17.009812
-17.937044
-18.706267
-19.319812
-19.782203
-20.100079
-20.282083
-20.338724
-20.282209
-20.126246
-19.885824
-19.576975
-19.216514
-18.821765
-18.410278
-17.999541
-17.606689
-17.248209
-16.939664
-16.695413
-16.528358
-16.449699
-16.468721
-16.592601
-16.826241
-17.172142
-17.630302
-18.198154
-18.870545
-19.639744
-20.495493
-21.425102
-22.413567
-23.443740
-24.496522
-25.551092
-26.585167
-27.575283
-28.497109
-29.325763
-30.036160
-30.603360
-31.002921
-31.211259
-31.205998
-30.966313
-30.473261
-29.710089
-28.662528
-27.319048
-25.671096
-23.713287
-21.443571
-18.863346
-15.977545
-12.794667
-9.326772
-5.589429
-1.601618
2.614407
7.033303
11.626853
16.364231
21.212295
26.135906
31.098289
36.061402
40.986332
45.833703
50.564095
55.138460
59.518546
63.667309
67.549312
71.131112
74.381622
77.272451
79.778208
81.876781
83.549569
84.781682
85.562097
85.883766
85.743684
85.142907
84.086527
82.583599
80.647025
78.293394
75.542785
72.418525
68.946920
65.156950
61.079938
56.749196
52.199655
47.467475
42.589656
37.603636
32.546894
27.456563
22.369048
17.319661
12.342279
7.469023
2.729966
-1.847130
-6.237039
-10.417262
-14.368184
-18.073184
-21.518712
-24.694318
-27.592651
-30.209407
-32.543251
-34.595693
-36.370936
-37.875694
-39.118977
-40.111856
-40.867209
-41.399447
-41.724225
-41.858158
-41.818516
-41.622938
-41.289132
-40.834603
-40.276381
-39.630770
-38.913121
-38.137625
-37.317129
-36.462989
-35.584943
-34.691025
-33.787505
-32.878865
-31.967804
-31.055283
-30.140590
-29.221440
-28.294108
-27.353576
-26.393709
-25.407447
-24.387019
-23.324159
-22.210343
-21.037016
-19.795834
-18.478896
-17.078967
-15.589696
-14.005817
-12.323332
-10.539676
-8.653857
-6.666571
-4.580292
-2.399325
-0.129845
2.220115
4.640689
7.120242
9.645465
12.201495
14.772059
17.339652
19.885728
22.390916
24.835250
27.198417
29.460006
31.599772
33.597898
35.435254
37.093660
38.556123
39.807081
40.832618
41.620663
42.161172
42.446274
42.470406
42.230406
41.725578
40.957736
39.931201
38.652777
37.131692
35.379506
33.409993
31.238993
28.884237
26.365151
23.702634
20.918828
18.036858
15.080577
12.074289
9.042481
6.009541
2.999492
0.035725
-2.859255
-5.664071
-8.358691
-10.924640
-13.345172
-15.605433
-17.692586
-19.595912
-21.306884
-22.819207
-24.128831
-25.233932
-26.134863
-26.834080
-27.336038
-27.647065
-27.775210
-27.730073
-27.522614
-27.164956
-26.670165
-26.052030
-25.324836
-24.503138
-23.601531
-22.634433
-21.615873
-20.559294
-19.477363
-18.381811
-17.283282
-16.191209
-15.113713
-14.057526
-13.027940
-12.028783
-11.062419
-10.129779
-9.230409
-8.362552
-7.523243
-6.708432
-5.913121
-5.131521
-4.357218
-3.583352
-2.802805
-2.008387
-1.193031
-0.349981
0.527025
1.443582
2.404452
3.413418
4.473149
5.585091
6.749375
7.964748
9.228531
10.536598
11.883383
13.261918
14.663885
16.079701
17.498629
18.908899
20.297867
21.652174
22.957937
24.200936
25.366830
26.441363
27.410583
28.261057
28.980088
29.555915
29.977916
30.236789
30.324720
30.235527
29.964796
29.509975
28.870459
28.047636
27.044911
25.867701
24.523401
23.021313
21.372563
19.589974
17.687924
15.682175
13.589682
11.428385
9.216979
6.974677
4.720962
2.475327
0.257024
-1.915199
-4.023343
-6.050405
-7.980602
-9.799592
-11.494662
-13.054903
-14.471357
-15.737136
-16.847512
-17.799976
-18.594265
-19.232358
-19.718432
-20.058796
-20.261782
-20.337614
-20.298239
-20.157141
-19.929122
-19.630062
-19.276671
-18.886210
-18.476213
-18.064197
-17.667372
-17.302349
-16.984856
-16.729461
-16.549314
-16.455903
-16.458831
-16.565622
-16.781550
-17.109506
-17.549891
-18.100552
-18.756745
-19.511147
-20.353900
-21.272692
-22.252878
-23.277640
-24.328173
-25.383916
-26.422798
-27.421526
-28.355884
-29.201055
-29.931964
-30.523624
-30.951489
-31.191816
-31.222013
-31.020984
-30.569466
-29.850338
-28.848916
-27.553218
-25.954202
-24.045968
-21.825924
-19.294914
-16.457304
-13.321025
-9.897571
-6.201958
-2.252631
1.928667
6.317070
10.884803
15.601438
20.434178
25.348181
30.306908
35.272492
40.206132
45.068499
49.820150
54.421951
58.835496
63.023519
66.950303
70.582061
73.887309
76.837204
79.405858
81.570619
83.312315
84.615452
85.468382
85.863420
85.796913
85.269272
84.284949
82.852375
80.983848
78.695383
76.006518
72.940080
69.521920
65.780614
61.747135
57.454502
52.937414
48.231863
43.374739
38.403438
33.355460
28.268019
23.177659
18.119890
13.128841
8.236931
3.474579
-1.130069
-5.551369
-9.766377
-13.755010
-17.500164
-20.987797
-24.206964
-27.149823
-29.811590
-32.190463
-34.287508
-36.106513
-37.653803
-38.938039
-39.969980
-40.762235
-41.328987
-41.685715
-41.848900
-41.835729
-41.663798
-41.350827
-40.914370
-40.371548
-39.738800
-39.031643
-38.264463
-37.450333
-36.600856
-35.726035
-34.834179
-33.931842
-33.023790
-32.113007
-31.200724
-30.286490
-29.368264
-28.442540
-27.504494
-26.548157
-25.566603
-24.552160
-23.496625
-22.391499
-21.228217
-19.998386
-18.694017
-17.307756
-15.833097
-14.264589
-12.598019
-10.830584
-8.961035
-6.989790
-4.919036
-2.752786
-0.496912
1.840844
4.250905
6.721914
9.240820
11.792998
14.362390
16.931673
19.482454
21.995478
24.450859
26.828320
29.107449
31.267958
33.289944
35.154150
36.842228
38.336979
39.622600
40.684896
41.511493
42.092010
42.418223
42.484194
42.286371
41.823665
41.097488
40.111762
38.872899
37.389747
35.673500
33.737591
31.597541
29.270792
26.776513
24.135387
21.369372
18.501455
15.555390
12.555429
9.526047
6.491666
3.476386
0.503715
-2.403684
-5.224238
-7.937688
-10.525297
-12.970035
-15.256734
-17.372230
-19.305462
-21.047548
-22.591839
-23.933926
-25.071632
-26.004969
-26.736063
-27.269061
-27.610001
-27.766668
-27.748427
-27.566037
-27.231448
-26.757590
-26.158153
-25.447358
-24.639733
-23.749880
-22.792260
-21.780979
-20.729585
-19.650880
-18.556755
-17.458036
-16.364357
-15.284052
-14.224079
-13.189962
-12.185763
-11.214077
-10.276061
-9.371478
-8.498770
-7.655159
-6.836758
-6.038710
-5.255342
-4.480327
-3.706864
-2.927862
-2.136132
-1.324573
-0.486368
0.384836
1.294752
2.248284
3.249381
4.300897
5.404480
6.560475
7.767854
9.024166
10.325515
11.666565
13.040566
14.439411
15.853712
17.272906
18.685381
20.078620
21.439366
22.753805
24.007760
25.186894
26.276922
27.263830
28.134088
28.874867
29.474244
29.921403
30.206821
30.322434
30.261794
30.020196
29.594786
28.984644
28.190839
27.216456
26.066591
24.748328
23.270671
21.644463
19.882266
17.998220
16.007880
13.928024
11.776450
9.571749
7.333068
5.079863
2.831643
0.607715
-1.573074
-3.692591
-5.733657
-7.680281
-9.517878
-11.233463
-12.815830
-14.255700
-15.545850
-16.681202
-17.658891
-18.478298
-19.141043
-19.650960
-20.014024
-20.238253
-20.333578
-20.311686
-20.185830
-19.970615
-19.681770
-19.335887
-18.950160
-18.542097
-18.129239
-17.728864
-17.357697
-17.031625
-16.765420
-16.572474
-16.464555
-16.451580
-16.541415
-16.739705
-17.049727
-17.472284
-18.005632
-18.645441
-19.384797
-20.214241
-21.121844
-22.093325
-23.112197
-24.159960
-25.216314
-26.259414
-27.266138
-28.212397
-29.073449
-29.824235
-30.439732
-30.895299
-31.167040
-31.232158
-31.069297
-30.658879
-29.983421
-29.027833
-27.779688
-26.229458
-24.370733
-22.200383
-19.718699
-16.929481
-13.840092
-10.461460
-6.808045
-2.897753
1.248186
5.605392
10.146536
14.841593
19.658125
24.561593
29.515703
34.482773
39.424125
44.300486
49.072403
53.700665
58.146722
62.373099
66.343806
70.024723
73.383976
76.392279
79.023255
81.253719
83.063929
84.437794
85.363045
85.831359
85.838438
85.384045
84.471993
83.110085
81.310012
79.087209
76.460667
73.452708
70.088719
66.396863
62.407755
58.154112
53.670392
48.992404
44.156926
39.201297
34.163027
29.079402
23.987099
18.921815
13.917921
9.008130
4.223198
-0.408351
-4.860460
-9.109743
-13.135653
-16.920605
-20.450065
-23.712595
-26.699859
-29.406590
-31.830520
-33.972265
-35.835192
-37.425235
-38.750697
-39.822021
-40.651537
-41.253198
-41.642295
-41.835169
-41.848913
-41.701081
-41.409390
-40.991439
-40.464437
-39.844946
-39.148644
-38.390112
-37.582644
-36.738084
-35.866698
-34.977070
-34.076037
-33.168650
-32.258175
-31.346119
-30.432292
-29.514900
-28.590661
-27.654950
-26.701968
-25.724927
-24.716260
-23.667834
-22.571180
-21.417730
-20.199045
-18.907060
-17.534301
-16.074116
-14.520870
-12.870144
-11.118899
-9.265629
-7.310482
-5.255355
-3.103969
-0.861899
1.463410
3.862671
6.324804
8.837022
11.384941
13.952720
16.523227
19.078224
21.598579
24.064491
26.455728
28.751883
30.932630
32.977986
34.868577
36.585889
38.112528
39.432450
40.531192
41.396076
42.016393
42.383566
42.491285
42.335613
41.915064
41.230651
40.285897
39.086820
37.641884
35.961919
34.060007
31.951349
29.653093
27.184148
24.564970
21.817330
18.964069
16.028836
13.035823
10.009487
6.974277
3.954363
0.973363
-1.945906
-4.781685
-7.513489
-10.122327
-12.590884
-14.903688
-17.047247
-19.010159
-20.783191
-22.359337
-23.733831
-24.904143
-25.869940
-26.633018
-27.197209
-27.568259
-27.753686
-27.762616
-27.605597
-27.294405
-26.841828
-26.261450
-25.567424
-24.774242
-23.896510
-22.948728
-21.945070
-20.899185
-19.824009
-18.731586
-17.632921
-16.537846
-15.454909
-14.391290
-13.352746
-12.343570
-11.366592
-10.423194
-9.513357
-8.635729
-7.787716
-6.965602
-6.164673
-5.379376
-4.603476
-3.830235
-3.052596
-2.263373
-1.455439
-0.621917
0.243631
1.147030
2.093325
3.086625
4.129968
5.225201
6.372882
7.572204
8.820945
10.115442
11.450585
12.819847
14.215331
15.627849
17.047016
18.461377
19.858550
21.225384
22.548140
23.812687
25.004697
26.109865
27.114117
28.003833
28.766057
29.388710
29.860785
30.172542
30.315674
30.283467
30.070929
29.674906
29.094166
28.329459
27.383545
26.261205
24.969208
23.516258
21.912911
20.171464
18.305818
16.331313
14.264546
12.123167
9.925657
7.691090
5.438890
3.188575
0.959502
-1.229393
-3.359846
-5.414511
-7.377192
-9.233066
-10.968881
-12.573137
-14.036241
-15.350632
-16.510888
-17.513787
-18.358351
-19.045848
-19.579760
-19.965727
-20.211450
-20.326566
-20.322494
-20.212249
-20.010240
-19.732029
-19.394092
-19.013543
-18.607861
-18.194599
-17.791099
-17.414191
-17.079916
-16.803241
-16.597795
-16.475619
-16.446941
-16.519965
-16.700700
-16.992808
-17.397492
-17.913418
-18.536667
-19.260738
-20.076570
-20.972622
-21.934977
-22.947490
-23.991967
-25.048379
-26.095108
-27.109217
-28.066750
-28.943046
-29.713074
-30.351781
-30.834443
-31.137020
-31.236517
-31.111326
-30.741563
-30.109393
-29.199324
-27.998488
-26.496882
-24.687586
-22.566937
-20.134675
-17.394036
-14.351814
-11.018371
-7.407609
-3.536891
0.573071
4.898385
9.412177
14.084835
18.884282
23.776293
28.724828
33.692403
38.640470
43.529823
48.321011
52.974756
57.452373
61.716190
65.729954
69.459221
72.871735
75.937777
78.630486
80.926151
82.804467
84.248748
85.246109
85.787589
85.868248
85.487201
84.647618
83.356672
81.625445
79.468787
76.905136
73.956299
70.647196
67.005568
63.061661
58.847884
54.398439
49.748950
44.936064
39.997059
34.969445
29.890568
24.797227
19.725300
14.709392
9.782501
4.975713
0.317924
-4.164400
-8.447437
-12.510178
-16.334559
-19.905557
-23.211237
-26.242773
-28.994412
-31.463413
-33.649945
-35.556945
-37.189951
-38.556905
-39.667925
-40.535057
-41.172015
-41.593896
-41.816892
-41.857999
-41.734716
-41.464752
-41.065744
-40.554982
-39.949146
-39.264070
-38.514524
-37.714017
-36.874635
-36.006903
-35.119677
-34.220075
-33.313436
-32.403307
-31.491472
-30.578007
-29.661366
-28.738494
-27.804970
-26.855169
-25.882449
-24.879352
-23.837819
-22.749421
-21.605587
-20.397844
-19.118051
-17.758626
-16.312771
-14.774676
-13.139716
-11.404622
-9.567636
-7.628633
-5.589229
-3.452848
-1.224771
1.087856
3.476035
5.928968
8.434132
10.977390
13.543122
16.114389
18.673117
21.200300
23.676229
26.080724
28.393388
30.593866
32.662101
34.578605
36.324711
37.882829
39.236686
40.371552
41.274452
41.934351
42.342323
42.491690
42.378131
41.999765
41.357205
40.453575
39.294499
37.888055
36.244703
34.377175
32.300344
30.031062
27.587970
24.991292
22.262607
19.424602
16.500816
13.515371
10.492702
7.457277
4.433328
1.444580
-1.486009
-4.336491
-7.086168
-9.715795
-12.207779
-14.546345
-16.717677
-18.710035
-20.513836
-22.121716
-23.528553
-24.731462
-25.729765
-26.524925
-27.120455
-27.521806
-27.736225
-27.772592
-27.641244
-27.353774
-26.922823
-26.361864
-25.684974
-24.906606
-24.041365
-23.103779
-22.108090
-21.068044
-19.996702
-18.906260
-17.807900
-16.711646
-15.626259
-14.559141
-13.516277
-12.502197
-11.519961
-10.571181
-9.656056
-8.773440
-7.920933
-7.094985
-6.291034
-5.503649
-4.726693
-3.953495
-3.177037
-2.390139
-1.585654
-0.756652
0.103387
1.000398
1.939560
2.925142
3.960359
5.047256
6.186601
7.377810
8.618889
9.906403
11.235473
12.599795
13.991686
15.402156
16.821005
18.236939
19.637712
21.010284
22.340999
23.615773
24.820297
25.940246
26.961497
27.870342
28.653705
29.299353
29.796097
30.133983
30.304464
30.300562
30.117004
29.750337
29.199018
28.463477
27.546156
26.451512
25.186002
23.758026
22.177853
20.457509
18.610652
16.652403
14.599173
12.468459
10.278624
8.048665
5.797966
3.546047
1.312309
-0.884228
-3.025177
-5.093028
-7.071389
-8.945204
-10.700958
-12.326861
-13.813005
-15.151500
-16.336577
-17.364662
-18.234417
-18.946752
-19.504802
-19.913868
-20.181330
-20.316527
-20.330605
-20.236339
-20.047929
-19.780773
-19.451215
-19.076289
-18.673432
-18.260208
-17.854009
-17.471769
-17.129671
-16.842872
-16.625231
-16.489059
-16.444886
-16.501252
-16.664525
-16.938749
-17.325527
-17.823931
-18.430456
-19.139010
-19.940938
-20.825085
-21.777906
-22.783598
-23.824281
-24.880201
-25.929977
-26.950863
-27.919043
-28.809947
-29.598581
-30.259871
-30.769017
-31.101846
-31.235174
-31.147147
-30.817587
-30.228310
-29.363433
-28.209653
-26.756495
-24.996534
-22.925580
-20.542822
-17.850934
-14.856142
-11.568241
-8.000572
-4.169955
-0.096576
4.196164
8.681853
13.331297
18.112790
22.992429
27.934439
32.901539
37.855326
42.756670
47.566131
52.244376
56.752598
61.052935
65.108880
68.885678
72.350699
75.473798
78.227638
80.587989
82.533987
84.048359
85.117601
85.732122
85.886338
85.578717
84.811786
83.592085
81.930080
79.840034
77.339827
74.450746
71.197233
67.606601
63.708718
59.535674
55.121410
50.501349
45.712003
40.790574
35.774563
30.701368
25.607901
20.530210
15.503125
10.559923
5.732012
1.048655
-3.463280
-7.779538
-11.878651
-15.742080
-19.354312
-22.702919
-25.778581
-28.575058
-31.089136
-33.320529
-35.271743
-36.947915
-38.356618
-39.507639
-40.412736
-41.085374
-41.540450
-41.794001
-41.862915
-41.764629
-41.516841
-41.137215
-40.643116
-40.051337
-39.377863
-38.637646
-37.844408
-37.010471
-36.146616
-35.261972
-34.363939
-33.458136
-32.548398
-31.636787
-30.723644
-29.807676
-28.886059
-27.954579
-27.007792
-26.039203
-25.041470
-24.006616
-22.926254
-21.791822
-20.594815
-19.327021
-17.980757
-16.549084
-15.026022
-13.406745
-11.687758
-9.867051
-7.944234
-5.920638
-3.799397
-1.585494
0.714222
3.091045
5.534460
8.032212
10.570412
13.133666
15.705235
18.267211
20.800722
23.286156
25.703391
28.032048
30.251746
32.342366
34.284309
36.058762
37.647947
39.035364
40.206024
41.146659
41.845913
42.294516
42.485421
42.413926
42.077759
41.477132
40.614769
39.495899
38.128212
36.521796
34.689029
32.644454
30.404619
27.987893
25.414264
22.705110
19.882959
16.971231
13.993975
10.975594
7.940569
4.913187
1.917273
-1.024077
-3.888738
-6.655798
-9.305767
-11.820778
-14.184756
-16.383563
-18.405123
-20.239506
-21.878990
-23.318097
-24.553587
-25.584434
-26.411763
-27.038771
-27.470607
-27.714244
-27.778312
-27.672930
-27.409502
-27.000520
-26.459337
-25.799950
-25.036768
-24.184385
-23.257357
-22.269987
-21.236111
-20.168912
-19.080736
-17.982934
-16.885725
-15.798075
-14.727610
-13.680542
-12.661634
-11.674182
-10.720024
-9.799582
-8.911918
-8.054825
-7.224928
-6.417817
-5.628188
-4.850006
-4.076672
-3.301212
-2.516459
-1.715247
-0.890599
-0.035917
0.854837
1.786975
2.764919
3.792063
4.870643
6.001639
7.184684
8.418013
9.698421
11.021258
12.380445
13.768514
15.176679
16.594923
18.012118
19.416160
20.794124
22.132440
23.417078
24.633751
25.768123
26.806024
27.733666
28.537857
29.206217
29.727377
30.091174
30.288826
30.313096
30.158431
29.821080
29.299193
28.592881
27.704264
26.637481
25.398671
23.995930
22.439235
20.740342
18.912657
16.971081
14.931833
12.812250
10.630572
8.405713
6.157010
3.903982
1.666062
-0.537651
-2.688651
-4.769273
-6.762932
-8.654345
-10.429738
-12.077035
-13.586019
-14.948472
-16.158280
-17.211516
-18.106484
-18.843738
-19.426061
-19.858413
-20.147852
-20.303412
-20.335965
-20.258038
-20.083619
-19.827932
-19.507187
-19.138325
-18.738741
-18.325996
-17.917529
-17.530367
-17.180831
-16.884260
-16.654738
-16.504837
-16.445386
-16.485255
-16.631169
-16.887551
-17.256399
-17.737192
-18.326839
-19.019657
-19.807396
-20.679295
-21.622180
-22.620598
-23.656984
-24.711870
-25.764116
-26.791173
-27.769376
-28.674254
-29.480857
-30.164101
-30.699116
-31.061609
-31.228212
-31.176837
-30.887018
-30.340231
-29.520209
-28.413218
-27.008319
-25.297587
-23.276307
-20.943120
-18.300142
-15.353029
-12.111007
-8.586858
-4.796853
-0.760653
3.498844
7.955689
12.581112
17.343792
22.210151
27.144688
32.110339
37.068852
41.981186
46.807922
51.509682
56.047547
60.383476
64.480722
68.304222
71.820985
75.000447
77.814803
80.239310
82.252552
83.836670
84.977550
85.664971
85.892706
85.658575
84.964461
83.816270
82.223850
80.200871
77.764649
74.935944
71.738714
68.199835
64.348792
60.217343
55.839159
51.249454
46.484591
41.581691
36.578232
31.511656
26.418977
21.336406
16.298990
11.340273
6.491983
1.783740
-2.757190
-7.106124
-11.241139
-15.143222
-18.796373
-22.187671
-25.307301
-28.148535
-30.707683
-32.984000
-34.979559
-36.699089
-38.149790
-39.341112
-40.284515
-40.993212
-41.481891
-41.766426
-41.863589
-41.790751
-41.565586
-41.205784
-40.728775
-40.151459
-39.489966
-38.759426
-37.973769
-37.145551
-36.285806
-35.403932
-34.507608
-33.602741
-32.693446
-31.782066
-30.869213
-29.953846
-29.033377
-28.103802
-27.159862
-26.195218
-25.202647
-24.174259
-23.101717
-21.976470
-20.789988
-19.533999
-18.200719
-16.783076
-15.274924
-13.671242
-11.968310
-10.163873
-8.257275
-6.249567
-4.143592
-1.944037
0.342547
2.707748
5.141334
7.631320
10.164072
12.724424
15.295839
17.860584
20.399926
22.894353
25.323811
27.667942
29.906351
32.018857
33.985763
35.788111
37.407943
38.828540
40.034657
41.012739
41.751113
42.240167
42.472491
42.443003
42.149040
41.590415
40.769452
39.690982
38.362309
36.793143
34.995507
32.983608
30.773686
28.383833
25.833795
23.144744
20.339041
17.439983
14.471536
11.458064
8.424055
5.393847
2.391352
-0.560197
-3.438506
-6.222454
-8.892312
-11.429942
-13.818972
-16.044949
-18.095460
-19.960227
-21.631177
-23.102472
-24.370517
-25.433935
-26.293516
-26.952132
-27.414632
-27.687705
-27.779731
-27.700604
-27.461537
-27.074862
-26.553811
-25.912293
-25.164666
-24.325512
-23.409406
-22.430706
-21.403335
-20.340593
-19.254970
-18.157986
-17.060049
-15.970330
-14.896675
-13.845524
-12.821873
-11.829250
-10.869726
-9.943942
-9.051174
-8.189409
-7.355451
-6.545045
-5.753019
-4.973442
-4.199796
-3.425152
-2.642361
-1.844244
-1.023782
-0.174305
0.710328
1.635554
2.605947
3.625074
4.695363
5.818000
6.992837
8.218334
9.491518
10.807968
12.161831
13.545855
14.951459
16.368815
17.786964
19.193947
20.576959
21.922519
23.216658
24.445117
25.593553
26.647754
27.593857
28.418562
29.109345
29.654663
30.044148
30.268787
30.321087
30.195219
29.887138
29.394685
28.717656
27.857849
26.819082
25.607178
24.229925
22.697007
21.019905
19.211771
17.287280
15.262454
13.154464
10.981425
8.762156
6.515946
4.262300
2.020683
-0.189735
-2.350337
-4.443310
-6.451878
-8.360539
-10.155264
-11.823696
-13.355312
-14.741568
-15.976007
-17.054351
-17.974547
-18.736790
-19.343511
-19.799329
-20.110974
-20.287174
-20.338520
-20.277287
-20.117246
-19.873439
-19.561937
-19.199583
-18.803717
-18.391893
-17.981591
-17.589921
-17.233337
-16.927352
-16.686268
-16.522913
-16.448410
-16.471953
-16.600620
-16.839211
-17.190116
-17.653220
-18.225843
-18.902716
-19.675994
-20.535311
-21.467868
-22.458564
-23.490160
-24.543475
-25.597618
-26.630245
-27.617851
-28.536069
-29.360004
-30.064569
-30.624838
-31.016400
-31.215717
-31.200475
-30.949926
-30.445216
-29.669699
-28.609220
-27.252378
-25.590756
-23.619115
-21.335553
-18.741627
-15.842427
-12.646610
-9.166394
-5.417501
-1.419060
2.806535
7.233805
11.834415
16.577428
21.429605
26.355729
31.318960
36.281208
41.203531
46.046542
50.770829
55.337371
59.707960
63.845615
67.714980
71.282709
74.517828
77.392072
79.880192
81.960224
83.613730
84.825989
85.586152
85.887350
85.726757
85.105610
84.029179
82.506692
80.551218
78.179508
75.411787
72.271523
68.785147
64.981750
60.892750
56.551540
51.993113
47.253677
42.370256
37.380301
32.321284
27.230313
22.143751
17.096855
12.123429
7.255511
2.523074
-2.046225
-6.427278
-10.597713
-14.538044
-18.231787
-21.665526
-24.828953
-27.714850
-30.319050
-32.640345
-34.680368
-36.443440
-37.936379
-39.168292
-40.150338
-40.895467
-41.418151
-41.734096
-41.859951
-41.813009
-41.610917
-41.271381
-40.811891
-40.249448
-39.600320
-38.879810
-38.102054
-37.279835
-36.424438
-35.545530
-34.651065
-33.747236
-32.838444
-31.927312
-31.014721
-30.099889
-29.180466
-28.252663
-27.311410
-26.350526
-25.362916
-24.340782
-23.275842
-22.159563
-20.983398
-19.739016
-18.418540
-17.014771
-15.521401
-13.933218
-12.246283
-10.458100
-8.567747
-6.576000
-4.485410
-2.300368
-0.027129
2.326189
4.749641
7.231517
9.758435
12.315465
14.886277
17.453315
19.997991
22.500904
24.942066
27.301155
29.557762
31.691654
33.683040
35.512828
37.162882
38.616272
39.857502
40.872734
41.649985
42.179301
42.452915
42.465367
42.213602
41.697038
40.917598
39.879714
38.590301
37.058691
35.296546
33.317735
31.138185
28.775707
26.249798
23.581418
20.792755
17.906975
14.947955
11.940014
8.907640
5.875210
2.866726
-0.094457
-2.985878
-5.786214
-8.475500
-11.035333
-13.449049
-15.701879
-17.781080
-19.676028
-21.378296
-22.881687
-24.182251
-25.278262
-26.170168
-26.860516
-27.353848
-27.656571
-27.776806
-27.724218
-27.509825
-27.145794
-26.645228
-26.021944
-25.290244
-24.464688
-23.559868
-22.590191
-21.569663
-20.511695
-19.428918
-18.333017
-17.234584
-16.142996
-15.066314
-14.011207
-12.982902
-11.985161
-11.020286
-10.089143
-9.191219
-8.324701
-7.486573
-6.672740
-5.878166
-5.097030
-4.322895
-3.548885
-2.767874
-1.972674
-1.156229
-0.311800
0.566850
1.485280
2.448214
3.459386
4.521414
5.635688
6.802278
8.019868
9.285716
10.595630
11.943984
13.323746
14.726540
16.142730
17.561530
18.971128
20.358845
21.711295
23.014573
24.254453
25.416591
26.486740
27.450967
28.295868
29.008780
29.577992
29.992937
30.244373
30.324556
30.227382
29.948516
29.485492
28.837791
28.006891
26.996288
25.811487
24.459968
22.951119
21.296141
19.507931
17.600932
15.590963
13.495027
11.331104
9.117915
6.874693
4.620923
2.376097
0.159446
-2.010306
-4.115203
-6.138287
-8.063839
-9.877583
-11.566883
-13.120914
-14.530808
-15.789770
-16.893170
-17.838598
-18.625893
-19.257130
-19.736584
-20.070656
-20.267766
-20.338216
-20.294027
-20.148746
-19.917227
-19.615396
-19.259989
-18.868288
-18.457830
-18.046127
-17.650368
-17.287129
-16.972094
-16.719773
-16.543247
-16.453925
-16.461322
-16.572865
-16.793725
-17.126684
-17.572031
-18.127498
-18.788226
-19.546780
-20.393189
-21.315034
-22.297572
-23.323891
-24.375104
-25.430576
-26.468178
-27.464567
-28.395493
-29.236123
-29.961376
-30.546279
-30.966313
-31.197778
-31.218141
-31.006383
-30.543327
-29.811956
-28.797698
-27.488700
-25.876054
-23.954003
-21.720106
-19.175362
-16.324294
-13.174992
-9.739108
-6.031811
-2.071698
2.119347
6.516324
11.091334
15.813836
20.650938
25.567714
30.527557
35.492552
40.423863
45.282150
50.027973
54.622222
59.026532
63.203700
67.118083
70.735991
74.026050
76.959540
79.510714
81.657069
83.379590
84.662952
85.495682
85.870271
85.783248
85.235202
84.230766
82.778542
80.891000
78.584315
75.878175
72.795548
69.362413
65.607458
61.561756
57.258409
52.732180
48.019109
43.156120
38.180619
33.130103
28.041762
22.952105
17.896587
12.909266
8.022480
3.266552
-1.330479
-5.743084
-9.948444
-13.926605
-17.660598
-21.136518
-24.343559
-27.274014
-29.923235
-32.289549
-34.374148
-36.180934
-37.716342
-38.989131
-40.010148
-40.792077
-41.349166
-41.696944
-41.851928
-41.831331
-41.652762
-41.333937
-40.892397
-40.345239
-39.708865
-38.998746
-38.229214
-37.413280
-36.562477
-35.686736
-34.794288
-33.891610
-32.983387
-32.072524
-31.160176
-30.245819
-29.327345
-28.401185
-27.462461
-26.505158
-25.522311
-24.506220
-23.448665
-22.341137
-21.175076
-19.942100
-18.634246
-17.244190
-15.765471
-14.192686
-12.521686
-10.749731
-8.875644
-6.899921
-4.824828
-2.654458
-0.394771
1.946413
4.359434
6.832859
9.353565
11.906858
14.476621
17.045480
19.594998
22.105888
24.558240
26.931768
29.206059
31.360835
33.376216
35.232983
36.912830
38.398619
39.674611
40.726689
41.542563
42.111945
42.426710
42.481023
42.271442
41.796988
41.059183
40.062061
38.812145
37.318386
35.592084
33.646766
31.498040
29.163433
26.662184
24.015038
21.244003
18.372107
15.423132
12.421344
9.391223
6.357183
3.343301
0.373055
-2.530936
-5.347153
-8.055401
-10.637013
-13.075040
-15.354401
-17.462022
-19.386937
-21.120365
-22.655752
-23.988793
-25.117407
-26.041703
-26.763898
-27.288225
-27.620804
-27.769494
-27.743726
-27.554316
-27.213261
-26.733531
-26.128844
-25.413440
-24.601853
-23.708686
-22.748388
-21.735043
-20.682170
-19.602536
-18.507986
-17.409295
-16.316042
-15.236503
-14.177572
-13.144708
-12.141909
-11.171704
-10.235188
-9.332063
-8.460715
-7.618313
-6.800925
-6.003656
-5.220797
-4.445998
-3.672440
-2.893026
-2.100564
-1.287965
-0.448425
0.424383
1.336138
2.291706
3.294990
4.348792
5.454705
6.613015
7.822629
9.081034
10.384270
11.726937
13.102224
14.501963
15.916714
17.335863
18.747756
20.139837
21.498824
22.810880
24.061817
25.237295
26.323039
27.305049
28.169823
28.904568
29.497406
29.937575
30.215612
30.323522
30.254933
30.005218
29.571610
28.953274
28.151370
27.169071
26.011563
24.686017
23.201520
21.568995
19.801075
17.911969
15.917289
13.833864
11.679532
9.472912
7.233172
4.979774
2.732226
0.509819
-1.668628
-3.785018
-5.822219
-7.764300
-9.596742
-11.306635
-12.882856
-14.316215
-15.599582
-16.727977
-17.698634
-18.511032
-19.166894
-19.670147
-20.026861
-20.245141
-20.335001
-20.308200
-20.178056
-19.959231
-19.667495
-19.319475
-18.932383
-18.523736
-18.111069
-17.711641
-17.342147
-17.018429
-16.755204
-16.565797
-16.461898
-16.453338
-16.547887
-16.751087
-17.066108
-17.493641
-18.031827
-18.676223
-19.419799
-20.252985
-21.163744
-22.137695
-23.158257
-24.206844
-25.263084
-26.305067
-27.309623
-28.252627
-29.109315
-29.854623
-30.463535
-30.911439
-31.174480
-31.229915
-31.056461
-30.634627
-29.947031
-28.978695
-27.717314
-26.153497
-24.280975
-22.096767
-19.601319
-16.798589
-13.696097
-10.304930
-6.639702
-2.718472
1.437390
5.803364
10.351999
15.053156
19.874296
24.780794
29.736287
34.703042
39.642344
44.514904
49.281270
53.902253
58.339339
62.555114
66.513660
70.180952
73.525220
76.517304
79.130962
81.343156
83.134302
84.488477
85.393583
85.841476
85.828037
85.353210
84.420986
83.039343
81.220143
78.978983
76.335006
73.310676
69.931510
66.225788
62.224224
57.959622
53.466505
48.780738
43.939129
38.979035
33.937963
28.853181
23.761328
18.698052
13.697656
8.792773
4.014065
-0.610049
-5.053627
-9.293405
-13.308966
-17.082858
-20.600684
-23.851143
-26.826039
-29.520238
-31.931602
-34.060875
-35.911539
-37.489640
-38.803580
-39.863891
-40.682982
-41.274870
-41.654899
-41.839451
-41.845646
-41.691050
-41.393380
-40.970225
-40.438770
-39.815543
-39.116177
-38.355200
-37.545844
-36.699887
-35.827522
-34.937256
-34.035846
-33.128266
-32.217702
-31.305583
-30.391648
-29.474032
-28.549391
-27.613044
-26.659143
-25.680864
-24.670607
-23.620220
-22.521226
-21.365056
-20.143284
-18.847865
-17.471358
-16.007151
-14.449661
-12.794524
-11.038769
-9.180959
-7.221318
-5.161825
-3.006279
-0.760341
1.568462
3.970763
6.435404
8.949524
11.498671
14.066944
16.637156
19.191027
21.709389
24.172415
26.559863
28.851323
31.026478
33.065367
34.948648
36.657853
38.175641
39.486036
40.574648
41.428884
42.038125
42.393893
42.489981
42.322559
41.890253
41.194185
40.237991
39.027798
37.572179
35.882063
33.970633
31.853178
29.546929
27.070868
24.445514
21.692692
18.835284
15.896969
12.901956
9.874708
6.839668
3.820985
0.842250
-2.073765
-4.905350
-7.632085
-10.235048
-12.697003
-15.002562
-17.138325
-19.092984
-20.857406
-22.424681
-23.790145
-24.951366
-25.908107
-26.662257
-27.217736
-27.580370
-27.757755
-27.759081
-27.594958
-27.277209
-26.818663
-26.232935
-25.534196
-24.736950
-23.855801
-22.905240
-21.899422
-20.851968
-19.775777
-18.682852
-17.584147
-16.489440
-15.407218
-14.344602
-13.307281
-12.299486
-11.323980
-10.382083
-9.473715
-8.597465
-7.750690
-6.929623
-6.129512
-5.344769
-4.569133
-3.795848
-3.017848
-2.227943
-1.419016
-0.584205
0.282905
1.188109
2.136411
3.131878
4.177495
5.275055
6.425056
7.626631
8.877493
10.173913
11.510720
12.881324
14.277769
15.690811
17.110015
18.523882
19.919992
21.285163
22.605637
23.867266
25.055723
26.156705
27.156156
28.040479
28.796755
29.412945
29.878098
30.182532
30.318008
30.277885
30.057252
29.653038
29.064098
28.291269
27.337405
26.207373
24.908029
23.448163
21.838410
20.091142
18.220326
16.241363
14.170901
12.026632
9.827068
7.591305
5.338774
3.088994
0.861308
-1.325374
-3.452822
-5.503735
-7.461977
-9.312788
-11.042992
-12.641169
-14.097813
-15.405459
-16.558778
-17.554651
-18.392197
-19.072782
-19.599989
-19.979550
-20.219255
-20.328823
-20.319749
-20.205115
-19.999383
-19.718165
-19.377969
-18.995931
-18.589540
-18.176347
-17.773675
-17.398327
-17.066302
-16.792511
-16.590520
-16.472294
-16.447973
-16.525670
-16.711291
-17.008391
-17.418062
-17.938856
-18.566740
-19.295096
-20.114754
-21.014062
-21.979004
-22.993337
-24.038781
-25.095233
-26.141008
-27.153120
-28.107572
-28.979681
-29.744408
-30.376707
-30.851875
-31.145913
-31.235879
-31.100234
-30.719181
-30.074980
-29.152252
-27.938249
-26.423103
-24.600033
-22.465526
-20.019475
-17.265273
-14.209872
-10.863793
-7.241093
-3.359288
0.760767
5.095043
9.616538
14.295523
19.099822
23.995120
28.945305
33.912838
38.859132
43.744964
48.530879
53.177617
57.646530
61.900000
65.901845
69.617713
73.015452
76.065462
78.741018
81.018555
82.877923
84.302602
85.279879
85.800970
85.861114
85.459607
84.599799
83.289038
81.538576
79.363427
76.782184
73.816798
70.492320
66.836609
62.880016
58.655035
54.195942
49.538413
44.719133
39.775397
34.744716
29.664422
24.571278
19.501116
14.488474
9.566272
4.765504
0.114965
-4.358995
-8.632673
-12.685190
-16.498615
-20.058061
-23.351731
-26.370937
-29.110061
-31.566494
-33.740530
-35.635226
-37.256233
-38.611591
-39.711511
-40.568120
-41.195197
-41.607895
-41.822449
-41.855882
-41.725708
-41.449641
-41.045308
-40.529975
-39.920291
-39.232048
-38.479962
-37.677483
-36.836631
-35.967857
-35.079944
-34.179930
-33.273073
-32.362843
-31.450947
-30.537386
-29.620543
-28.697302
-27.763183
-26.812512
-25.838606
-24.833976
-23.790543
-22.699865
-21.553371
-20.342599
-19.059425
-17.696300
-16.246463
-14.704155
-13.064807
-11.325215
-9.483688
-7.540179
-5.496382
-3.355803
-1.123806
1.192380
3.583677
6.039207
8.546375
11.090972
13.657318
16.228420
18.786156
21.311486
23.784673
26.185524
28.493637
30.688664
32.750570
34.659896
36.398018
37.947400
39.291832
40.416658
41.308986
41.957871
42.354484
42.492249
42.366951
41.976822
41.322584
40.407472
39.237222
37.820018
36.166424
34.289271
32.203522
29.926114
27.475761
24.872754
22.138726
19.296407
16.369367
13.381750
10.357995
7.322569
4.299684
1.313038
-1.614450
-4.460885
-7.205627
-9.829502
-12.314994
-14.646412
-16.810030
-18.794201
-20.589441
-22.188485
-23.586311
-24.780133
-25.769368
-26.555573
-27.142351
-27.535234
-27.741546
-27.770237
-27.631701
-27.337584
-26.900569
-26.334159
-25.652454
-24.869918
-24.001157
-23.060692
-22.062746
-21.021039
-19.948596
-18.857574
-17.759103
-16.663156
-15.578433
-14.512276
-13.470605
-12.457885
-11.477112
-10.529832
-9.616185
-8.734966
-7.883721
-7.058854
-6.255760
-5.468973
-4.692328
-3.919136
-3.142367
-2.354839
-1.549410
-0.719164
0.142396
1.041175
1.982315
2.970041
4.007519
5.096738
6.238409
7.431886
8.675110
9.964584
11.295363
12.661083
14.053999
15.465066
16.884033
18.299560
19.699362
21.070369
22.398901
23.670860
24.871931
25.987795
27.004341
27.907885
28.685385
29.324650
29.814541
30.145163
30.308036
30.296254
30.104625
29.729776
29.170252
28.426572
27.501267
26.398884
25.125967
23.691001
22.104335
20.378072
18.525937
16.563113
14.506064
12.372329
10.180305
7.949012
5.697844
3.446324
1.213838
-0.980615
-3.118682
-5.182898
-7.156925
-9.025772
-10.775996
-12.395888
-13.875628
-15.207416
-16.385581
-17.406647
-18.269375
-18.974776
-19.526082
-19.928688
-20.190064
-20.319633
-20.328617
-20.229860
-20.037619
-19.767338
-19.435400
-19.058861
-18.655172
-18.241894
-17.836404
-17.455609
-17.115654
-16.831643
-16.617371
-16.485075
-16.445201
-16.506196
-16.674327
-16.953535
-17.345308
-17.848607
-18.459812
-19.172715
-19.978548
-20.866049
-21.821570
-22.829210
-23.871001
-24.927114
-25.976098
-26.995155
-27.960429
-28.847324
-29.630834
-30.285891
-30.787713
-31.112167
-31.236117
-31.137779
-30.797055
-30.195858
-29.318414
-28.151540
-26.684891
-24.911185
-22.826376
-20.429807
-17.724310
-14.716267
-11.415633
-7.835904
-3.994054
0.089585
4.391476
8.885076
13.541073
18.327660
23.210840
28.154765
33.122096
38.074387
42.972489
47.776956
52.448468
56.948252
61.238499
65.282772
69.046400
72.496857
75.604116
78.340972
80.683340
82.610509
84.105371
85.154594
85.748764
85.882473
85.554371
84.767165
83.527571
81.846229
79.737563
77.219611
74.313806
71.044722
67.439794
63.528996
59.344507
54.920344
50.291984
45.495979
40.569554
35.550212
30.475339
25.381814
20.305642
15.281589
10.342855
5.520759
0.844464
-3.659276
-7.966326
-12.055344
-15.907924
-19.508690
-22.845351
-25.908724
-28.692707
-31.194217
-33.413094
-35.351966
-37.016083
-38.413120
-39.552957
-40.447433
-41.110085
-41.555863
-41.800852
-41.861968
-41.756667
-41.502650
-41.117576
-40.618788
-40.023049
-39.346302
-38.603449
-37.808153
-36.972670
-36.107711
-35.222329
-34.323844
-33.417799
-32.507947
-31.596272
-30.683044
-29.766895
-28.844939
-27.912904
-26.965293
-25.995571
-24.996362
-23.959668
-22.877087
-21.740055
-20.540075
-19.268956
-17.919040
-16.483427
-14.956185
-13.332544
-11.609071
-9.783826
-7.856492
-5.828480
-3.703005
-1.485132
0.818207
3.198223
5.644324
8.144178
10.683828
13.247816
15.819346
18.380465
20.912262
23.395097
25.808832
28.133081
30.347472
32.431900
34.366798
36.133392
37.713956
39.092054
40.252767
41.182909
41.871213
42.308505
42.487839
42.404621
42.056687
41.444360
40.570477
39.440376
38.061857
36.445110
34.602613
32.549002
30.300909
27.876780
25.296669
22.582011
19.755380
16.840229
13.860627
10.840988
7.805789
4.779304
1.785329
-1.153076
-4.013838
-6.776100
-9.420442
-11.929073
-14.286001
-16.477179
-18.490621
-20.316496
-21.947181
-23.377298
-24.603706
-25.625475
-26.443826
-27.062044
-27.485362
-27.720829
-27.777148
-27.664496
-27.394333
-26.979191
-26.432458
-25.768154
-25.000700
-24.144694
-23.214687
-22.224961
-21.189332
-20.120946
-19.032109
-17.934126
-16.837160
-15.750122
-14.680575
-13.634667
-12.617098
-11.631095
-10.678436
-9.759479
-8.873229
-8.017423
-7.188639
-6.382423
-5.593435
-4.815611
-4.042333
-3.266613
-2.481281
-1.679173
-0.853328
0.002832
0.895317
1.829403
2.809468
3.838857
4.919754
6.053079
7.238405
8.473903
9.756305
11.080896
12.441534
13.830691
15.239524
16.657965
18.074840
19.478004
20.854499
22.190731
23.472656
24.685978
25.816365
26.849658
27.772092
28.570507
29.232564
29.746942
30.103536
30.293630
30.310058
30.147346
29.801826
29.271732
28.557264
27.660633
26.586066
25.339790
23.929987
22.366715
20.661806
18.828737
16.882471
14.839280
12.716546
10.532546
8.306215
6.056906
3.804137
1.567335
-0.634424
-2.782667
-4.859770
-6.849203
-8.735743
-10.505691
-12.147048
-13.649685
-15.005473
-16.208395
-17.254622
-18.142558
-18.872856
-19.448398
-19.874239
-20.157526
-20.307381
-20.334750
-20.252231
-20.073873
-19.814945
-19.491700
-19.121103
-18.720562
-18.307639
-17.899761
-17.513929
-17.166428
-16.872546
-16.646305
-16.500205
-16.444992
-16.489444
-16.640187
-16.901539
-17.275388
-17.761100
-18.355468
-19.052695
-19.844418
-20.719767
-21.665462
-22.665953
-23.703587
-24.758816
-25.810431
-26.835828
-27.811299
-28.712344
-29.514001
-30.191187
-30.719051
-31.073332
-31.230713
-31.169171
-30.868317
-30.309724
-29.477230
-28.357220
-26.938884
-25.214438
-23.179310
-20.832295
-18.175665
-15.215233
-11.960386
-8.424060
-4.622681
-0.576055
3.692778
8.157739
12.789941
17.557953
22.428105
27.364821
32.330974
37.288268
42.197639
47.019659
51.714961
56.244657
60.570756
64.656575
68.467137
71.969551
75.133368
77.930913
80.337585
